# oST version 5.0 parameters


[image]

width
1328

height
1048

[narrow_stereo]

camera matrix
1708.326860 0.000000 673.958810
0.000000 1718.041027 568.219743
0.000000 0.000000 1.000000

distortion
-0.217444 0.201683 -0.000640 -0.000122 0.000000

rectification
1.000000 0.000000 0.000000
0.000000 1.000000 0.000000
0.000000 0.000000 1.000000

projection
1656.197510 0.000000 673.873776 0.000000
0.000000 1683.135254 568.946164 0.000000
0.000000 0.000000 1.000000 0.000000

