# oST version 5.0 parameters


[image]

width
1328

height
1048

[narrow_stereo]

camera matrix
1735.889279 0.000000 661.644697
0.000000 1743.676228 518.016803
0.000000 0.000000 1.000000

distortion
-0.225195 0.197977 -0.000095 -0.001469 0.000000

rectification
1.000000 0.000000 0.000000
0.000000 1.000000 0.000000
0.000000 0.000000 1.000000

projection
1682.076172 0.000000 659.760493 0.000000
0.000000 1708.186401 517.250907 0.000000
0.000000 0.000000 1.000000 0.000000

