# oST version 5.0 parameters


[image]

width
2080

height
1552

[narrow_stereo]

camera matrix
2334.374193 0.000000 1046.442750
0.000000 2350.011311 767.062264
0.000000 0.000000 1.000000

distortion
-0.377172 0.232062 0.000685 -0.002581 0.000000

rectification
1.000000 0.000000 0.000000
0.000000 1.000000 0.000000
0.000000 0.000000 1.000000

projection
2158.298096 0.000000 1042.101335 0.000000
0.000000 2251.079590 766.416114 0.000000
0.000000 0.000000 1.000000 0.000000

